{
 "nbformat": 4,
 "nbformat_minor": 2,
 "metadata": {
  "language_info": {
   "name": "python",
   "codemirror_mode": {
    "name": "ipython",
    "version": 3
   },
   "version": "3.7.5"
  },
  "orig_nbformat": 2,
  "file_extension": ".py",
  "mimetype": "text/x-python",
  "name": "python",
  "npconvert_exporter": "python",
  "pygments_lexer": "ipython3",
  "version": 3
 },
 "cells": [
  {
   "cell_type": "code",
   "execution_count": 27,
   "metadata": {},
   "outputs": [],
   "source": [
    "import numpy as np \n",
    "from scipy.stats import dirichlet"
   ]
  },
  {
   "cell_type": "code",
   "execution_count": 28,
   "metadata": {},
   "outputs": [],
   "source": [
    "vocabulary = ['literary', 'literature', 'authors', 'century', 'texts', 'writers', 'economic', 'critique']\n",
    "doc_term = np.array([[0,0,0,4,0,0,2,5],\n",
    "                    [0,0,0,0,0,0,6,11],\n",
    "                    [0,0,0,3,0,0,8,0],\n",
    "                    [0,0,0,2,1,0,6,16],\n",
    "                    [0,1,0,5,1,0,3,13],\n",
    "                    [0,0,0,0,0,0,5,6],\n",
    "                    [10,3,0,4,0,1,0,0],\n",
    "                    [13,1,7,0,0,5,0,0],\n",
    "                    [7,3,0,4,1,8,0,0],\n",
    "                    [20,14,3,0,0,0,0,0],\n",
    "                    [5,6,5,0,0,10,0,0],\n",
    "                    [9,7,0,2,0,1,0,0],\n",
    "                    [3,5,3,0,0,6,0,0],\n",
    "                    [8,13,3,1,1,3,0,0],\n",
    "                    [9,3,4,0,0,6,0,0],\n",
    "                    [11,7,4,0,1,6,0,0],\n",
    "                    [2,3,0,1,1,1,0,0],\n",
    "                    [5,2,13,0,0,5,0,0],\n",
    "                    [7,3,6,1,0,11,0,0],\n",
    "                    [5,9,8,2,0,4,0,0]])\n",
    "K = 2\n",
    "V = 8\n",
    "Alpha = [1] * K\n",
    "Beta = [[1] * V] * K"
   ]
  },
  {
   "cell_type": "code",
   "execution_count": 29,
   "metadata": {},
   "outputs": [
    {
     "name": "stdout",
     "output_type": "stream",
     "text": "[[1.76368128e-01 4.16443022e-01 3.73851146e-05 1.17668808e-01\n  5.18736312e-02 3.16661272e-02 6.73677889e-02 1.38575110e-01]\n [7.83659131e-02 1.19995567e-01 8.42399284e-02 1.79208850e-01\n  3.54616815e-02 3.26314563e-01 4.30543290e-03 1.72108064e-01]]\n[[0.29751149 0.70248851]]\n"
    }
   ],
   "source": [
    "Phi = dirichlet.rvs(Beta[0], size=K, random_state=1)\n",
    "Theta = dirichlet.rvs(Alpha, random_state=1)\n",
    "print (Phi)\n",
    "print (Theta)"
   ]
  },
  {
   "cell_type": "code",
   "execution_count": 30,
   "metadata": {},
   "outputs": [],
   "source": [
    "Z = [Alpha] * doc_term.shape[0] * Theta"
   ]
  },
  {
   "cell_type": "code",
   "execution_count": 32,
   "metadata": {},
   "outputs": [
    {
     "name": "stdout",
     "output_type": "stream",
     "text": "11724081]]\n[[0.26654324 0.18428589 0.12882489 0.06612813 0.01454454 0.15390269\n  0.07042008 0.11535054]\n [0.26482712 0.18273648 0.12906341 0.06615375 0.01337933 0.15629096\n  0.07030792 0.11724104]]\n[[0.26653893 0.18428623 0.12882553 0.06612918 0.0145437  0.15390372\n  0.07041892 0.11535381]\n [0.26482565 0.18273934 0.12906372 0.06615476 0.01337995 0.15628896\n  0.07030635 0.11724127]]\n[[0.26653463 0.18428657 0.12882616 0.06613022 0.01454286 0.15390474\n  0.07041776 0.11535706]\n [0.2648242  0.18274219 0.12906404 0.06615576 0.01338056 0.15628697\n  0.07030479 0.1172415 ]]\n[[0.26653034 0.1842869  0.1288268  0.06613126 0.01454202 0.15390576\n  0.07041661 0.11536031]\n [0.26482274 0.18274504 0.12906435 0.06615676 0.01338117 0.15628498\n  0.07030323 0.11724173]]\n[[0.26652608 0.18428724 0.12882743 0.0661323  0.01454118 0.15390678\n  0.07041546 0.11536354]\n [0.26482129 0.18274787 0.12906466 0.06615775 0.01338177 0.15628301\n  0.07030168 0.11724197]]\n[[0.26652183 0.18428758 0.12882805 0.06613333 0.01454035 0.15390779\n  0.07041431 0.11536675]\n [0.26481985 0.18275069 0.12906497 0.06615874 0.01338238 0.15628104\n  0.07030013 0.1172422 ]]\n[[0.2665176  0.18428792 0.12882868 0.06613436 0.01453952 0.1539088\n  0.07041317 0.11536996]\n [0.26481841 0.1827535  0.12906528 0.06615973 0.01338298 0.15627908\n  0.07029859 0.11724243]]\n[[0.26651338 0.18428826 0.1288293  0.06613539 0.01453869 0.1539098\n  0.07041204 0.11537315]\n [0.26481697 0.1827563  0.12906558 0.06616072 0.01338358 0.15627712\n  0.07029706 0.11724267]]\n[[0.26650918 0.18428859 0.12882993 0.06613641 0.01453787 0.1539108\n  0.0704109  0.11537632]\n [0.26481554 0.18275908 0.12906589 0.0661617  0.01338418 0.15627517\n  0.07029553 0.1172429 ]]\n[[0.266505   0.18428893 0.12883055 0.06613742 0.01453705 0.1539118\n  0.07040977 0.11537949]\n [0.26481411 0.18276186 0.1290662  0.06616268 0.01338478 0.15627323\n  0.07029401 0.11724314]]\n[[0.26650083 0.18428926 0.12883116 0.06613844 0.01453623 0.15391279\n  0.07040865 0.11538264]\n [0.26481268 0.18276463 0.1290665  0.06616365 0.01338537 0.15627129\n  0.0702925  0.11724337]]\n[[0.26649668 0.1842896  0.12883178 0.06613944 0.01453542 0.15391378\n  0.07040752 0.11538578]\n [0.26481126 0.18276738 0.1290668  0.06616462 0.01338596 0.15626936\n  0.07029099 0.11724361]]\n[[0.26649254 0.18428993 0.12883239 0.06614045 0.01453461 0.15391477\n  0.0704064  0.11538891]\n [0.26480985 0.18277013 0.1290671  0.06616559 0.01338655 0.15626744\n  0.07028949 0.11724384]]\n[[0.26648842 0.18429026 0.128833   0.06614145 0.0145338  0.15391575\n  0.07040529 0.11539202]\n [0.26480843 0.18277286 0.12906741 0.06616656 0.01338714 0.15626553\n  0.070288   0.11724408]]\n[[0.26648432 0.1842906  0.12883361 0.06614245 0.014533   0.15391673\n  0.07040418 0.11539513]\n [0.26480702 0.18277559 0.12906771 0.06616752 0.01338773 0.15626362\n  0.07028651 0.11724432]]\n[[0.26648023 0.18429093 0.12883421 0.06614344 0.01453219 0.15391771\n  0.07040307 0.11539822]\n [0.26480562 0.1827783  0.129068   0.06616848 0.01338831 0.15626171\n  0.07028502 0.11724455]]\n[[0.26647616 0.18429126 0.12883482 0.06614443 0.01453139 0.15391868\n  0.07040196 0.1154013 ]\n [0.26480422 0.182781   0.1290683  0.06616944 0.01338889 0.15625982\n  0.07028354 0.11724479]]\n[[0.2664721  0.18429159 0.12883542 0.06614542 0.0145306  0.15391965\n  0.07040086 0.11540437]\n [0.26480282 0.1827837  0.1290686  0.06617039 0.01338947 0.15625793\n  0.07028207 0.11724503]]\n[[0.26646806 0.18429192 0.12883602 0.0661464  0.0145298  0.15392062\n  0.07039976 0.11540742]\n [0.26480142 0.18278638 0.12906889 0.06617134 0.01339005 0.15625604\n  0.07028061 0.11724527]]\n[[0.26646404 0.18429225 0.12883661 0.06614738 0.01452901 0.15392158\n  0.07039867 0.11541046]\n [0.26480003 0.18278905 0.12906919 0.06617228 0.01339063 0.15625417\n  0.07027914 0.11724551]]\n[[0.26646003 0.18429258 0.12883721 0.06614836 0.01452823 0.15392254\n  0.07039758 0.1154135 ]\n [0.26479865 0.18279172 0.12906948 0.06617323 0.0133912  0.1562523\n  0.07027769 0.11724574]]\n[[0.26645603 0.1842929  0.1288378  0.06614933 0.01452744 0.15392349\n  0.07039649 0.11541652]\n [0.26479726 0.18279437 0.12906977 0.06617417 0.01339177 0.15625043\n  0.07027624 0.11724598]]\n[[0.26645205 0.18429323 0.12883839 0.0661503  0.01452666 0.15392444\n  0.07039541 0.11541952]\n [0.26479588 0.18279701 0.12907007 0.0661751  0.01339234 0.15624858\n  0.0702748  0.11724622]]\n[[0.26644808 0.18429356 0.12883898 0.06615126 0.01452588 0.15392539\n  0.07039432 0.11542252]\n [0.26479451 0.18279965 0.12907036 0.06617604 0.01339291 0.15624672\n  0.07027336 0.11724646]]\n[[0.26644413 0.18429388 0.12883956 0.06615222 0.01452511 0.15392634\n  0.07039325 0.11542551]\n [0.26479314 0.18280227 0.12907065 0.06617697 0.01339347 0.15624488\n  0.07027193 0.1172467 ]]\n[[0.2664402  0.18429421 0.12884015 0.06615318 0.01452433 0.15392728\n  0.07039217 0.11542848]\n [0.26479177 0.18280488 0.12907094 0.06617789 0.01339404 0.15624304\n  0.0702705  0.11724694]]\n[[0.26643628 0.18429453 0.12884073 0.06615413 0.01452356 0.15392822\n  0.0703911  0.11543144]\n [0.2647904  0.18280749 0.12907122 0.06617882 0.0133946  0.15624121\n  0.07026908 0.11724718]]\n[[0.26643237 0.18429486 0.12884131 0.06615509 0.01452279 0.15392915\n  0.07039003 0.1154344 ]\n [0.26478904 0.18281008 0.12907151 0.06617974 0.01339516 0.15623938\n  0.07026766 0.11724742]]\n[[0.26642848 0.18429518 0.12884189 0.06615603 0.01452203 0.15393009\n  0.07038897 0.11543734]\n [0.26478769 0.18281267 0.1290718  0.06618066 0.01339572 0.15623756\n  0.07026625 0.11724766]]\n[[0.2664246  0.1842955  0.12884246 0.06615698 0.01452127 0.15393102\n  0.07038791 0.11544027]\n [0.26478633 0.18281524 0.12907208 0.06618157 0.01339627 0.15623575\n  0.07026485 0.1172479 ]]\n[[0.26642074 0.18429582 0.12884303 0.06615792 0.01452051 0.15393194\n  0.07038685 0.11544318]\n [0.26478498 0.18281781 0.12907236 0.06618249 0.01339683 0.15623394\n  0.07026345 0.11724814]]\n[[0.26641689 0.18429615 0.12884361 0.06615885 0.01451975 0.15393286\n  0.0703858  0.11544609]\n [0.26478364 0.18282037 0.12907265 0.06618339 0.01339738 0.15623214\n  0.07026205 0.11724838]]\n[[0.26641305 0.18429647 0.12884417 0.06615979 0.01451899 0.15393378\n  0.07038475 0.11544899]\n [0.26478229 0.18282292 0.12907293 0.0661843  0.01339793 0.15623034\n  0.07026066 0.11724862]]\n[[0.26640923 0.18429679 0.12884474 0.06616072 0.01451824 0.1539347\n  0.0703837  0.11545188]\n [0.26478096 0.18282545 0.12907321 0.0661852  0.01339848 0.15622855\n  0.07025928 0.11724887]]\n[[0.26640543 0.18429711 0.12884531 0.06616165 0.01451749 0.15393561\n  0.07038266 0.11545475]\n [0.26477962 0.18282798 0.12907349 0.0661861  0.01339903 0.15622677\n  0.0702579  0.11724911]]\n[[0.26640163 0.18429743 0.12884587 0.06616257 0.01451675 0.15393652\n  0.07038161 0.11545762]\n [0.26477829 0.1828305  0.12907377 0.066187   0.01339957 0.15622499\n  0.07025653 0.11724935]]\n[[0.26639785 0.18429774 0.12884643 0.06616349 0.014516   0.15393743\n  0.07038058 0.11546047]\n [0.26477696 0.18283301 0.12907405 0.0661879  0.01340011 0.15622322\n  0.07025516 0.11724959]]\n[[0.26639409 0.18429806 0.12884699 0.06616441 0.01451526 0.15393833\n  0.07037954 0.11546331]\n [0.26477563 0.18283552 0.12907433 0.06618879 0.01340065 0.15622145\n  0.0702538  0.11724983]]\n[[0.26639034 0.18429838 0.12884755 0.06616532 0.01451452 0.15393923\n  0.07037851 0.11546615]\n [0.26477431 0.18283801 0.1290746  0.06618968 0.01340119 0.15621969\n  0.07025244 0.11725007]]\n[[0.2663866  0.18429869 0.1288481  0.06616623 0.01451379 0.15394013\n  0.07037748 0.11546897]\n [0.26477299 0.18284049 0.12907488 0.06619056 0.01340173 0.15621794\n  0.07025108 0.11725032]]\n[[0.26638287 0.18429901 0.12884866 0.06616714 0.01451305 0.15394103\n  0.07037645 0.11547178]\n [0.26477168 0.18284297 0.12907515 0.06619145 0.01340227 0.15621619\n  0.07024974 0.11725056]]\n[[0.26637916 0.18429932 0.12884921 0.06616805 0.01451232 0.15394192\n  0.07037543 0.11547458]\n [0.26477037 0.18284544 0.12907543 0.06619233 0.0134028  0.15621445\n  0.07024839 0.1172508 ]]\n[[0.26637547 0.18429964 0.12884976 0.06616895 0.01451159 0.15394281\n  0.07037441 0.11547738]\n [0.26476906 0.18284789 0.1290757  0.0661932  0.01340333 0.15621271\n  0.07024706 0.11725104]]\n[[0.26637178 0.18429995 0.12885031 0.06616985 0.01451087 0.15394369\n  0.0703734  0.11548016]\n [0.26476775 0.18285034 0.12907597 0.06619408 0.01340386 0.15621098\n  0.07024572 0.11725129]]\n[[0.26636811 0.18430027 0.12885085 0.06617074 0.01451015 0.15394457\n  0.07037238 0.11548293]\n [0.26476645 0.18285278 0.12907624 0.06619495 0.01340439 0.15620925\n  0.0702444  0.11725153]]\n[[0.26636445 0.18430058 0.1288514  0.06617163 0.01450942 0.15394545\n  0.07037137 0.11548569]\n [0.26476515 0.18285522 0.12907652 0.06619582 0.01340492 0.15620753\n  0.07024307 0.11725177]]\n[[0.26636081 0.18430089 0.12885194 0.06617252 0.01450871 0.15394633\n  0.07037037 0.11548845]\n [0.26476386 0.18285764 0.12907679 0.06619669 0.01340545 0.15620582\n  0.07024175 0.11725201]]\n[[0.26635717 0.1843012  0.12885248 0.06617341 0.01450799 0.1539472\n  0.07036936 0.11549119]\n [0.26476257 0.18286005 0.12907705 0.06619755 0.01340597 0.15620411\n  0.07024044 0.11725226]]\n[[0.26635355 0.18430151 0.12885302 0.06617429 0.01450728 0.15394807\n  0.07036836 0.11549392]\n [0.26476128 0.18286246 0.12907732 0.06619841 0.01340649 0.15620241\n  0.07023913 0.1172525 ]]\n[[0.26634995 0.18430182 0.12885355 0.06617517 0.01450656 0.15394894\n  0.07036736 0.11549664]\n [0.26476    0.18286486 0.12907759 0.06619927 0.01340701 0.15620071\n  0.07023783 0.11725274]]\n[[0.26634635 0.18430213 0.12885409 0.06617605 0.01450586 0.15394981\n  0.07036637 0.11549936]\n [0.26475871 0.18286725 0.12907786 0.06620012 0.01340753 0.15619902\n  0.07023653 0.11725298]]\n[[0.26634277 0.18430244 0.12885462 0.06617692 0.01450515 0.15395067\n  0.07036537 0.11550206]\n [0.26475744 0.18286963 0.12907812 0.06620098 0.01340805 0.15619733\n  0.07023523 0.11725323]]\n[[0.2663392  0.18430275 0.12885515 0.06617779 0.01450444 0.15395153\n  0.07036439 0.11550475]\n [0.26475616 0.182872   0.12907839 0.06620183 0.01340856 0.15619565\n  0.07023394 0.11725347]]\n[[0.26633565 0.18430305 0.12885568 0.06617866 0.01450374 0.15395238\n  0.0703634  0.11550744]\n [0.26475489 0.18287437 0.12907865 0.06620267 0.01340907 0.15619398\n  0.07023266 0.11725371]]\n[[0.2663321  0.18430336 0.12885621 0.06617953 0.01450304 0.15395323\n  0.07036242 0.11551011]\n [0.26475362 0.18287672 0.12907891 0.06620352 0.01340959 0.15619231\n  0.07023138 0.11725396]]\n[[0.26632857 0.18430367 0.12885673 0.06618039 0.01450235 0.15395408\n  0.07036144 0.11551278]\n [0.26475236 0.18287907 0.12907917 0.06620436 0.0134101  0.15619064\n  0.0702301  0.1172542 ]]\n[[0.26632505 0.18430397 0.12885726 0.06618125 0.01450165 0.15395493\n  0.07036046 0.11551543]\n [0.26475109 0.18288141 0.12907944 0.0662052  0.0134106  0.15618898\n  0.07022883 0.11725444]]\n[[0.26632154 0.18430428 0.12885778 0.0661821  0.01450096 0.15395578\n  0.07035948 0.11551808]\n [0.26474984 0.18288374 0.1290797  0.06620604 0.01341111 0.15618733\n  0.07022757 0.11725469]]\n[[0.26631805 0.18430458 0.1288583  0.06618296 0.01450027 0.15395662\n  0.07035851 0.11552072]\n [0.26474858 0.18288607 0.12907996 0.06620687 0.01341162 0.15618568\n  0.0702263  0.11725493]]\n[[0.26631456 0.18430488 0.12885882 0.06618381 0.01449958 0.15395746\n  0.07035754 0.11552335]\n [0.26474733 0.18288838 0.12908022 0.0662077  0.01341212 0.15618404\n  0.07022505 0.11725517]]\n[[0.26631109 0.18430519 0.12885933 0.06618466 0.0144989  0.15395829\n  0.07035658 0.11552596]\n [0.26474608 0.18289069 0.12908047 0.06620853 0.01341262 0.1561824\n  0.07022379 0.11725542]]\n[[0.26630763 0.18430549 0.12885985 0.0661855  0.01449821 0.15395913\n  0.07035561 0.11552857]\n [0.26474483 0.18289299 0.12908073 0.06620936 0.01341312 0.15618076\n  0.07022255 0.11725566]]\n[[0.26630419 0.18430579 0.12886036 0.06618634 0.01449753 0.15395996\n  0.07035465 0.11553118]\n [0.26474359 0.18289528 0.12908099 0.06621018 0.01341362 0.15617914\n  0.0702213  0.1172559 ]]\n[[0.26630075 0.18430609 0.12886087 0.06618718 0.01449685 0.15396079\n  0.07035369 0.11553377]\n [0.26474235 0.18289757 0.12908124 0.066211   0.01341412 0.15617751\n  0.07022006 0.11725615]]\n[[0.26629733 0.18430639 0.12886138 0.06618802 0.01449618 0.15396161\n  0.07035274 0.11553635]\n [0.26474111 0.18289985 0.1290815  0.06621182 0.01341461 0.1561759\n  0.07021883 0.11725639]]\n[[0.26629392 0.18430669 0.12886189 0.06618885 0.0144955  0.15396243\n  0.07035179 0.11553893]\n [0.26473988 0.18290212 0.12908175 0.06621264 0.01341511 0.15617429\n  0.07021759 0.11725663]]\n[[0.26629051 0.18430699 0.1288624  0.06618968 0.01449483 0.15396325\n  0.07035084 0.11554149]\n [0.26473865 0.18290438 0.12908201 0.06621345 0.0134156  0.15617268\n  0.07021637 0.11725687]]\n[[0.26628713 0.18430729 0.1288629  0.06619051 0.01449416 0.15396407\n  0.07034989 0.11554405]\n [0.26473742 0.18290663 0.12908226 0.06621426 0.01341609 0.15617108\n  0.07021515 0.11725712]]\n[[0.26628375 0.18430759 0.12886341 0.06619134 0.01449349 0.15396489\n  0.07034894 0.1155466 ]\n [0.26473619 0.18290888 0.12908251 0.06621507 0.01341658 0.15616948\n  0.07021393 0.11725736]]\n[[0.26628038 0.18430789 0.12886391 0.06619216 0.01449283 0.1539657\n  0.070348   0.11554913]\n [0.26473497 0.18291112 0.12908276 0.06621588 0.01341706 0.15616789\n  0.07021271 0.1172576 ]]\n[[0.26627703 0.18430818 0.12886441 0.06619298 0.01449216 0.15396651\n  0.07034706 0.11555167]\n [0.26473375 0.18291335 0.12908301 0.06621668 0.01341755 0.1561663\n  0.0702115  0.11725785]]\n[[0.26627368 0.18430848 0.12886491 0.0661938  0.0144915  0.15396731\n  0.07034613 0.11555419]\n [0.26473254 0.18291557 0.12908326 0.06621748 0.01341804 0.15616472\n  0.0702103  0.11725809]]\n[[0.26627035 0.18430877 0.1288654  0.06619462 0.01449084 0.15396812\n  0.07034519 0.1155567 ]\n [0.26473133 0.18291779 0.12908351 0.06621828 0.01341852 0.15616314\n  0.0702091  0.11725833]]\n[[0.26626703 0.18430907 0.1288659  0.06619543 0.01449018 0.15396892\n  0.07034426 0.11555921]\n [0.26473012 0.18292    0.12908376 0.06621908 0.013419   0.15616157\n  0.0702079  0.11725858]]\n[[0.26626372 0.18430936 0.12886639 0.06619624 0.01448953 0.15396972\n  0.07034334 0.1155617 ]\n [0.26472891 0.1829222  0.12908401 0.06621987 0.01341948 0.15616\n  0.07020671 0.11725882]]\n[[0.26626042 0.18430966 0.12886688 0.06619705 0.01448888 0.15397052\n  0.07034241 0.11556419]\n [0.26472771 0.1829244  0.12908426 0.06622066 0.01341996 0.15615844\n  0.07020552 0.11725906]]\n[[0.26625713 0.18430995 0.12886737 0.06619785 0.01448823 0.15397131\n  0.07034149 0.11556667]\n [0.26472651 0.18292658 0.1290845  0.06622145 0.01342044 0.15615688\n  0.07020433 0.11725931]]\n[[0.26625385 0.18431024 0.12886786 0.06619865 0.01448758 0.1539721\n  0.07034057 0.11556914]\n [0.26472531 0.18292876 0.12908475 0.06622224 0.01342091 0.15615533\n  0.07020315 0.11725955]]\n[[0.26625059 0.18431054 0.12886835 0.06619945 0.01448693 0.15397289\n  0.07033965 0.11557161]\n [0.26472411 0.18293094 0.12908499 0.06622302 0.01342138 0.15615378\n  0.07020198 0.11725979]]\n[[0.26624733 0.18431083 0.12886883 0.06620025 0.01448629 0.15397368\n  0.07033873 0.11557406]\n [0.26472292 0.1829331  0.12908524 0.0662238  0.01342186 0.15615224\n  0.07020081 0.11726003]]\n[[0.26624409 0.18431112 0.12886932 0.06620104 0.01448564 0.15397446\n  0.07033782 0.11557651]\n [0.26472173 0.18293526 0.12908548 0.06622458 0.01342233 0.1561507\n  0.07019964 0.11726028]]\n[[0.26624085 0.18431141 0.1288698  0.06620183 0.014485   0.15397524\n  0.07033691 0.11557895]\n [0.26472055 0.18293741 0.12908572 0.06622536 0.0134228  0.15614917\n  0.07019847 0.11726052]]\n[[0.26623763 0.1843117  0.12887028 0.06620262 0.01448436 0.15397602\n  0.070336   0.11558138]\n [0.26471936 0.18293956 0.12908596 0.06622613 0.01342327 0.15614764\n  0.07019731 0.11726076]]\n[[0.26623442 0.18431199 0.12887076 0.06620341 0.01448373 0.1539768\n  0.0703351  0.1155838 ]\n [0.26471818 0.18294169 0.12908621 0.06622691 0.01342373 0.15614612\n  0.07019616 0.117261  ]]\n[[0.26623121 0.18431228 0.12887124 0.0662042  0.01448309 0.15397757\n  0.0703342  0.11558622]\n [0.26471701 0.18294383 0.12908645 0.06622768 0.0134242  0.1561446\n  0.070195   0.11726125]]\n[[0.26622802 0.18431256 0.12887171 0.06620498 0.01448246 0.15397834\n  0.0703333  0.11558862]\n [0.26471583 0.18294595 0.12908669 0.06622845 0.01342466 0.15614308\n  0.07019385 0.11726149]]\n[[0.26622484 0.18431285 0.12887219 0.06620576 0.01448183 0.15397911\n  0.0703324  0.11559102]\n [0.26471466 0.18294807 0.12908692 0.06622921 0.01342512 0.15614157\n  0.07019271 0.11726173]]\n[[0.26622167 0.18431314 0.12887266 0.06620653 0.0144812  0.15397988\n  0.0703315  0.11559341]\n [0.26471349 0.18295018 0.12908716 0.06622998 0.01342559 0.15614007\n  0.07019157 0.11726197]]\n[[0.26621851 0.18431342 0.12887313 0.06620731 0.01448057 0.15398064\n  0.07033061 0.1155958 ]\n [0.26471232 0.18295228 0.1290874  0.06623074 0.01342605 0.15613857\n  0.07019043 0.11726221]]\n[[0.26621535 0.18431371 0.1288736  0.06620808 0.01447995 0.15398141\n  0.07032972 0.11559817]\n [0.26471116 0.18295438 0.12908764 0.0662315  0.0134265  0.15613707\n  0.0701893  0.11726246]]\n[[0.26621221 0.18431399 0.12887407 0.06620885 0.01447933 0.15398217\n  0.07032883 0.11560054]\n [0.26471    0.18295647 0.12908787 0.06623225 0.01342696 0.15613558\n  0.07018817 0.1172627 ]]\n[[0.26620908 0.18431428 0.12887454 0.06620962 0.01447871 0.15398292\n  0.07032795 0.1156029 ]\n [0.26470884 0.18295855 0.12908811 0.06623301 0.01342742 0.15613409\n  0.07018704 0.11726294]]\n[[0.26620596 0.18431456 0.12887501 0.06621038 0.01447809 0.15398368\n  0.07032707 0.11560526]\n [0.26470769 0.18296063 0.12908834 0.06623376 0.01342787 0.15613261\n  0.07018592 0.11726318]]\n[[0.26620285 0.18431485 0.12887547 0.06621115 0.01447747 0.15398443\n  0.07032618 0.1156076 ]\n [0.26470654 0.1829627  0.12908858 0.06623451 0.01342832 0.15613113\n  0.0701848  0.11726342]]\n[[0.26619975 0.18431513 0.12887593 0.06621191 0.01447685 0.15398518\n  0.07032531 0.11560994]\n [0.26470539 0.18296476 0.12908881 0.06623526 0.01342877 0.15612966\n  0.07018369 0.11726366]]\n[[0.26619666 0.18431541 0.12887639 0.06621267 0.01447624 0.15398593\n  0.07032443 0.11561227]\n [0.26470424 0.18296682 0.12908905 0.066236   0.01342922 0.15612819\n  0.07018258 0.11726391]]\n[[0.26619358 0.18431569 0.12887685 0.06621342 0.01447563 0.15398668\n  0.07032356 0.11561459]\n [0.2647031  0.18296887 0.12908928 0.06623675 0.01342967 0.15612672\n  0.07018147 0.11726415]]\n[[0.26619051 0.18431597 0.12887731 0.06621417 0.01447502 0.15398742\n  0.07032269 0.11561691]\n [0.26470195 0.18297091 0.12908951 0.06623749 0.01343012 0.15612526\n  0.07018037 0.11726439]]\n[[0.26618744 0.18431625 0.12887777 0.06621493 0.01447441 0.15398816\n  0.07032182 0.11561922]\n [0.26470082 0.18297295 0.12908974 0.06623823 0.01343057 0.15612381\n  0.07017927 0.11726463]]\n[[0.26618439 0.18431653 0.12887823 0.06621567 0.01447381 0.1539889\n  0.07032095 0.11562152]\n [0.26469968 0.18297498 0.12908997 0.06623897 0.01343101 0.15612236\n  0.07017817 0.11726487]]\n[[0.26618135 0.18431681 0.12887868 0.06621642 0.0144732  0.15398964\n  0.07032009 0.11562381]\n [0.26469855 0.182977   0.1290902  0.0662397  0.01343145 0.15612091\n  0.07017708 0.11726511]]\n[[0.26617832 0.18431709 0.12887913 0.06621717 0.0144726  0.15399037\n  0.07031923 0.1156261 ]\n [0.26469742 0.18297902 0.12909043 0.06624043 0.0134319  0.15611947\n  0.07017599 0.11726535]]\n[[0.26617529 0.18431737 0.12887959 0.06621791 0.014472   0.1539911\n  0.07031837 0.11562837]\n [0.26469629 0.18298103 0.12909066 0.06624116 0.01343234 0.15611803\n  0.0701749  0.11726559]]\n[[0.26617228 0.18431765 0.12888004 0.06621865 0.0144714  0.15399183\n  0.07031751 0.11563065]\n [0.26469516 0.18298304 0.12909089 0.06624189 0.01343278 0.15611659\n  0.07017382 0.11726583]]\n[[0.26616927 0.18431792 0.12888048 0.06621939 0.0144708  0.15399256\n  0.07031666 0.11563291]\n [0.26469404 0.18298503 0.12909111 0.06624262 0.01343321 0.15611516\n  0.07017274 0.11726607]]\n[[0.26616628 0.1843182  0.12888093 0.06622012 0.01447021 0.15399329\n  0.0703158  0.11563517]\n [0.26469292 0.18298703 0.12909134 0.06624334 0.01343365 0.15611374\n  0.07017167 0.11726631]]\n[[0.26616329 0.18431848 0.12888138 0.06622085 0.01446962 0.15399401\n  0.07031495 0.11563742]\n [0.2646918  0.18298901 0.12909157 0.06624407 0.01343409 0.15611231\n  0.0701706  0.11726655]]\n"
    }
   ],
   "source": [
    "itr = 0\n",
    "while itr <= 500:\n",
    "    print (Phi)\n",
    "    # update Phi and Beta\n",
    "    e = Beta + np.multiply(doc_term, Z.T.reshape(K, doc_term.shape[0],1)).sum(axis=1) - 1\n",
    "    Beta = Beta + np.multiply(doc_term, Theta.reshape(K, 1, -1)).sum(axis=1)\n",
    "    for k in range(len(e)):\n",
    "        Phi[k] = dirichlet.rvs(e[k], size=K, random_state=1)[k]\n",
    "\n",
    "    # update Z\n",
    "    temp = np.power(np.repeat(Phi.reshape(Phi.shape[0], -1, Phi.shape[1]), doc_term.shape[0], axis=1), doc_term)\n",
    "    temp = np.prod(temp,axis=2)\n",
    "    Z = np.multiply(temp, Z.T).T\n",
    "    Z = Z/Z.sum(axis=1,keepdims=True)\n",
    "\n",
    "    # update Theta and Alpha\n",
    "    Alpha = Alpha + Z.sum(axis=0, keepdims=True)\n",
    "    Theta = dirichlet.rvs(Alpha[0], random_state=1)\n",
    "\n",
    "    itr += 1"
   ]
  },
  {
   "cell_type": "code",
   "execution_count": 26,
   "metadata": {},
   "outputs": [
    {
     "data": {
      "text/plain": "array([[704.41701771, 493.31106036, 346.03991302, 165.18855267,\n         35.06516236, 414.00127852, 155.37852521, 264.14349286],\n       [549.58298229, 386.68893964, 269.96008698, 153.81144733,\n         30.93483764, 322.99872148, 174.62147479, 296.85650714]])"
     },
     "execution_count": 26,
     "metadata": {},
     "output_type": "execute_result"
    }
   ],
   "source": [
    "e"
   ]
  },
  {
   "cell_type": "code",
   "execution_count": 65,
   "metadata": {},
   "outputs": [
    {
     "data": {
      "text/plain": "array([[0.07976803],\n       [0.06717348],\n       [0.42643863],\n       [0.02057136],\n       [0.01583363],\n       [0.16889951],\n       [0.2848792 ],\n       [0.35869203],\n       [0.19637417],\n       [0.48005591],\n       [0.14369085],\n       [0.29298648],\n       [0.1838633 ],\n       [0.23793582],\n       [0.28351011],\n       [0.33389667],\n       [0.30732727],\n       [0.1573534 ],\n       [0.14745557],\n       [0.11632197]])"
     },
     "execution_count": 65,
     "metadata": {},
     "output_type": "execute_result"
    }
   ],
   "source": [
    "Z[:,0].reshape(20,1)"
   ]
  },
  {
   "cell_type": "code",
   "execution_count": 66,
   "metadata": {},
   "outputs": [
    {
     "data": {
      "text/plain": "array([[[0.07976803],\n        [0.06717348],\n        [0.42643863],\n        [0.02057136],\n        [0.01583363],\n        [0.16889951],\n        [0.2848792 ],\n        [0.35869203],\n        [0.19637417],\n        [0.48005591],\n        [0.14369085],\n        [0.29298648],\n        [0.1838633 ],\n        [0.23793582],\n        [0.28351011],\n        [0.33389667],\n        [0.30732727],\n        [0.1573534 ],\n        [0.14745557],\n        [0.11632197]],\n\n       [[0.92023197],\n        [0.93282652],\n        [0.57356137],\n        [0.97942864],\n        [0.98416637],\n        [0.83110049],\n        [0.7151208 ],\n        [0.64130797],\n        [0.80362583],\n        [0.51994409],\n        [0.85630915],\n        [0.70701352],\n        [0.8161367 ],\n        [0.76206418],\n        [0.71648989],\n        [0.66610333],\n        [0.69267273],\n        [0.8426466 ],\n        [0.85254443],\n        [0.88367803]]])"
     },
     "execution_count": 66,
     "metadata": {},
     "output_type": "execute_result"
    }
   ],
   "source": [
    "Z.T.reshape(2,20,1)"
   ]
  },
  {
   "cell_type": "code",
   "execution_count": 69,
   "metadata": {},
   "outputs": [
    {
     "data": {
      "text/plain": "array([[33.53760949, 21.37836118, 12.265394  ,  5.15504791,  1.11193891,\n        14.08204897,  4.98951258,  2.6861244 ],\n       [80.46239051, 58.62163882, 43.734606  , 23.84495209,  4.88806109,\n        52.91795103, 25.01048742, 48.3138756 ]])"
     },
     "execution_count": 69,
     "metadata": {},
     "output_type": "execute_result"
    }
   ],
   "source": [
    "(doc_term * Z.T.reshape(2,20,1)).sum(axis=1)"
   ]
  },
  {
   "cell_type": "code",
   "execution_count": 37,
   "metadata": {},
   "outputs": [
    {
     "data": {
      "text/plain": "array([[0.07976803, 0.92023197],\n       [0.06717348, 0.93282652],\n       [0.42643863, 0.57356137],\n       [0.02057136, 0.97942864],\n       [0.01583363, 0.98416637],\n       [0.16889951, 0.83110049],\n       [0.2848792 , 0.7151208 ],\n       [0.35869203, 0.64130797],\n       [0.19637417, 0.80362583],\n       [0.48005591, 0.51994409],\n       [0.14369085, 0.85630915],\n       [0.29298648, 0.70701352],\n       [0.1838633 , 0.8161367 ],\n       [0.23793582, 0.76206418],\n       [0.28351011, 0.71648989],\n       [0.33389667, 0.66610333],\n       [0.30732727, 0.69267273],\n       [0.1573534 , 0.8426466 ],\n       [0.14745557, 0.85254443],\n       [0.11632197, 0.88367803]])"
     },
     "execution_count": 37,
     "metadata": {},
     "output_type": "execute_result"
    }
   ],
   "source": [
    "Z"
   ]
  },
  {
   "cell_type": "code",
   "execution_count": 44,
   "metadata": {},
   "outputs": [
    {
     "ename": "ValueError",
     "evalue": "operands could not be broadcast together with shapes (20,2) (20,8,1) (20,2) ",
     "output_type": "error",
     "traceback": [
      "\u001b[0;31m---------------------------------------------------------------------------\u001b[0m",
      "\u001b[0;31mValueError\u001b[0m                                Traceback (most recent call last)",
      "\u001b[0;32m<ipython-input-44-3cce016d5114>\u001b[0m in \u001b[0;36m<module>\u001b[0;34m\u001b[0m\n\u001b[1;32m      1\u001b[0m \u001b[0mdoc2topic\u001b[0m\u001b[0;34m=\u001b[0m\u001b[0mnp\u001b[0m\u001b[0;34m.\u001b[0m\u001b[0mfull\u001b[0m\u001b[0;34m(\u001b[0m\u001b[0;34m[\u001b[0m\u001b[0;36m20\u001b[0m\u001b[0;34m,\u001b[0m\u001b[0;36m2\u001b[0m\u001b[0;34m]\u001b[0m\u001b[0;34m,\u001b[0m\u001b[0;36m1.\u001b[0m\u001b[0;34m)\u001b[0m\u001b[0;34m\u001b[0m\u001b[0;34m\u001b[0m\u001b[0m\n\u001b[1;32m      2\u001b[0m \u001b[0mdoc2topic\u001b[0m\u001b[0;34m=\u001b[0m\u001b[0mdoc2topic\u001b[0m\u001b[0;34m*\u001b[0m\u001b[0mtopic\u001b[0m\u001b[0;34m\u001b[0m\u001b[0;34m\u001b[0m\u001b[0m\n\u001b[0;32m----> 3\u001b[0;31m \u001b[0mdoc2topic\u001b[0m\u001b[0;34m*=\u001b[0m\u001b[0mword_prob\u001b[0m\u001b[0;34m\u001b[0m\u001b[0;34m\u001b[0m\u001b[0m\n\u001b[0m\u001b[1;32m      4\u001b[0m \u001b[0mdoc2topic\u001b[0m\u001b[0;34m\u001b[0m\u001b[0;34m\u001b[0m\u001b[0m\n",
      "\u001b[0;31mValueError\u001b[0m: operands could not be broadcast together with shapes (20,2) (20,8,1) (20,2) "
     ]
    }
   ],
   "source": [
    "doc2topic=np.full([20,2],1.)\n",
    "doc2topic=doc2topic*topic\n",
    "doc2topic*=word_prob\n",
    "doc2topic"
   ]
  },
  {
   "cell_type": "code",
   "execution_count": null,
   "metadata": {},
   "outputs": [],
   "source": [
    "doc2topic[(doc2topic.sum(axis=1,keepdims=True)==0).repeat(2,axis=1)]=1"
   ]
  }
 ]
}